5238
912
204
2253
2006
1828
1143
839
4467
712
4837
3456
260
244
767
1791
1905
4139
4931
217
4597
1628
5323
4464
3436
1805
3679
4827
2278
53
1307
3462
2787
2276
1273
1763
2757
837
759
3112
792
2940
2817
4945
2166
355
3763
4392
1022
3100
645
4522
2401
5149
5066
2962
4729
1575
569
375
5417
1866
2370
653
1907
827
3113
2277
3714
5207
2988
1332
3032
2910
1716
5490
2187
5308
584
4990
5201
1401
4375
2005
1338
3786
3108
2211
5242
4562
1799
2656
458
1876
262
2584
3286
2193
542
1728
4646
2577
1741
5369
4089
3241
5266
3758
1170
2169
2020
4598
4415
2152
4788
3509
4780
3271
2965
1796
1133
4174
4042
744
385
898
1252
5140
1310
3458
4885
520
3152
3126
4881
3834
4334
2059
4532
94
938
4398
2185
5250
2786
913
2404
3561
1295
3716
26
2157
4100
1463
4158
871
5122
2444
5234
4988
1629
3063
1323
4418
4344
4
4906
2655
4002
159
916
2973
2519
1961
474
1973
4647
701
3981
566
4363
1030
1051
5404
3893
4503
1352
2171
4322
4969
3466
1735
4417
1647
2553
3268
5502
3059
3588
4239
3698
991
2030
1840
524
2769
172
4819
4537
1885
4820
1804
58
581
5169
482
1875
552
257
2706
580
4211
1949
2281
5480
3976
1755
1083
4677
4720
3872
1990
3874
3334
1559
772
794
5398
3531
2902
3469
3367
3825
443
5516
5353
5293
806
496
3298
2779
895
2036
1569
1558
4393
